3.817447751478084683e-01
1.081744775147853943e+00
1.661744775147838027e+00
2.111744775147826658e+00
2.071744775147863038e+00
1.201744775147858491e+00
-6.182552248521915317e-01
-1.828255224852171068e+00
-1.188255224852184710e+00
1.217447751478175633e-01
1.081744775147853943e+00
1.541744775147833479e+00
6.072480982139154548e-01
1.317248098213951835e+00
1.637248098213945013e+00
2.017248098213940466e+00
2.437248098213956382e+00
2.007248098213949561e+00
4.972480982139586558e-01
-7.227519017860686290e-01
-9.027519017860754502e-01
-1.527519017860754502e-01
9.672480982139290973e-01
1.687248098213956382e+00
6.627514212800065252e-01
1.212751421280017894e+00
1.842751421280013346e+00
2.122751421280042905e+00
1.832751421280022441e+00
1.042751421280001978e+00
-3.272485787199457263e-01
-1.457248578719998022e+00
-1.587248578719993475e+00
-5.172485787200002960e-01
5.727514212800315363e-01
1.152751421280015620e+00
2.182547443460975956e-01
7.982547443461385228e-01
1.068254744346120333e+00
1.348254744346149891e+00
1.188254744346124880e+00
3.082547443461294279e-01
-1.421745255653888762e+00
-3.061745255653875120e+00
-3.011745255653863751e+00
-1.551745255653884215e+00
-2.417452556538819408e-01
5.882547443461021430e-01
-3.762419325873338494e-01
-1.624193258732020695e-02
2.737580674127002567e-01
7.537580674126616032e-01
1.053758067412672972e+00
7.437580674126706981e-01
-6.162419325873429443e-01
-2.126241932587333849e+00
-2.196241932587327028e+00
-1.006241932587329302e+00
1.375806741265250821e-02
7.037580674126502345e-01
1.926139047878905330e-02
5.392613904787708634e-01
6.592613904787754109e-01
9.092613904787754109e-01
1.059261390478752674e+00
2.792613904787799584e-01
-1.080738609521233684e+00
-2.040738609521213220e+00
-2.150738609521226863e+00
-1.280738609521222315e+00
-1.107386095212063992e-01
7.392613904787594947e-01
-4.952352864551130551e-01
-4.523528645512442381e-02
8.047647135448414701e-01
1.094764713544861934e+00
9.047647135448642075e-01
4.147647135448551126e-01
-8.852352864551562561e-01
-2.375235286455108508e+00
-2.435235286455110781e+00
-1.175235286455119876e+00
-4.523528645512442381e-02
7.047647135448755762e-01
-3.097319633890265322e-01
-8.973196338905609082e-02
2.802680366109484567e-01
8.002680366109871102e-01
9.002680366109530041e-01
3.602680366109325405e-01
-1.079731963389065186e+00
-2.469731963389051543e+00
-2.579731963389065186e+00
-1.409731963389049270e+00
-1.197319633890288060e-01
3.302680366109598253e-01
-9.942286403224898095e-01
-4.442286403224784408e-01
2.957713596775306542e-01
9.857713596775283804e-01
1.265771359677501096e+00
4.857713596775283804e-01
-1.054228640322492083e+00
-2.314228640322482988e+00
-2.264228640322471620e+00
-1.014228640322471620e+00
2.557713596775101905e-01
1.215771359677489727e+00
3.612746827436126296e-01
9.312746827436058084e-01
1.321274682743592166e+00
1.791274682743619451e+00
1.921274682743614903e+00
1.231274682743617177e+00
-2.187253172563714543e-01
-1.398725317256378275e+00
-1.248725317256401013e+00
-9.872531725636690680e-02
1.101274682743621725e+00
1.981274682743617177e+00
9.467780058096764151e-01
1.396778005809721890e+00
1.936778005809685510e+00
2.306778005809690058e+00
2.156778005809712795e+00
1.216778005809715069e+00
-5.332219941902849314e-01
-1.893221994190298574e+00
-1.543221994190275836e+00
-2.832219941902849314e-01
8.967780058097218898e-01
1.766778005809726437e+00
7.522813288758243289e-01
1.152281328875801591e+00
1.472281328875794770e+00
1.802281328875778854e+00
1.712281328875803865e+00
6.322813288758197814e-01
-9.577186711242120509e-01
-2.087718671124207503e+00
-1.897718671124209777e+00
-4.877186711241847661e-01
7.522813288758243289e-01
1.482281328875785675e+00
4.677846519423383143e-01
8.677846519423724203e-01
1.437784651942365599e+00
1.967784651942338314e+00
1.847784651942333767e+00
9.677846519423383143e-01
-7.122153480576685070e-01
-2.202215348057677602e+00
-2.292215348057652591e+00
-1.252215348057632127e+00
-1.222153480576366746e-01
7.277846519423292193e-01
-2.267120249915706154e-01
1.032879750084703119e-01
4.532879750084362058e-01
9.232879750084634907e-01
9.832879750084657644e-01
7.328797500844075330e-02
-1.626712024991547878e+00
-3.226712024991570615e+00
-3.306712024991554699e+00
-2.046712024991563794e+00
-8.667120249915569730e-01
-1.067120249915660679e-01
-1.211208701925443165e+00
-8.712087019254681763e-01
-4.612087019254431652e-01
8.791298074527276185e-03
-4.120870192548409250e-02
-1.051208701925474998e+00
-2.681208701925470450e+00
-4.011208701925454534e+00
-3.971208701925434070e+00
-2.731208701925481819e+00
-1.501208701925463629e+00
-6.012087019254863662e-01
-1.575705378859368011e+00
-1.045705378859338452e+00
-7.057053788593634636e-01
-3.557053788593407262e-01
-3.357053788593589161e-01
-1.275705378859356642e+00
-2.765705378859365737e+00
-3.965705378859354369e+00
-4.045705378859338452e+00
-2.825705378859368011e+00
-1.365705378859388475e+00
-4.957053788593839272e-01
-1.510202055792831288e+00
-1.040202055792804003e+00
-5.502020557927949085e-01
-1.002020557928062772e-01
-2.002020557928290145e-01
-1.040202055792804003e+00
-2.670202055792799456e+00
-3.950202055792829015e+00
-3.620202055792788087e+00
-2.230202055792801730e+00
-8.902020557928267408e-01
-2.020205579282219333e-02
-1.104698732726717481e+00
-7.646987327267424916e-01
-4.546987327267402179e-01
-1.346987327267470391e-01
1.530126727328706693e-02
-3.646987327267083856e-01
-1.624698732726699291e+00
-3.134698732726747039e+00
-3.504698732726694743e+00
-2.524698732726733397e+00
-1.414698732726719754e+00
-5.546987327267061119e-01
-1.519195409660596852e+00
-1.169195409660630958e+00
-7.891954096606355051e-01
-2.891954096606355051e-01
-2.491954096606150415e-01
-1.159195409660640053e+00
-2.839195409660646874e+00
-4.359195409660628684e+00
-4.349195409660637779e+00
-2.849195409660637779e+00
-1.189195409660612768e+00
-1.191954096606195890e-01
-1.163692086594551256e+00
-8.336920865945103287e-01
-3.536920865945489822e-01
2.563079134054646602e-01
5.063079134054646602e-01
-4.369208659454670851e-02
-1.473692086594553530e+00
-2.493692086594535340e+00
-2.173692086594542161e+00
-8.336920865945103287e-01
4.163079134054896713e-01
1.216307913405444197e+00
2.518112364720082041e-01
6.318112364720036567e-01
1.011811236471999109e+00
1.411811236472033215e+00
1.351811236472030942e+00
4.918112364720172991e-01
-1.218188763527962237e+00
-2.558188763527994070e+00
-2.378188763527987248e+00
-1.068188763527984975e+00
2.118112364720445839e-01
1.061811236472010478e+00
7.314559538144749240e-03
2.873145595381174644e-01
6.073145595381106432e-01
9.473145595381424755e-01
8.373145595381288331e-01
-1.026854404618688932e-01
-1.532685440461875714e+00
-2.692685440461900725e+00
-2.712685440461882536e+00
-1.462685440461882536e+00
-9.268544046187798813e-02
7.273145595381151907e-01
-3.371821173957982865e-01
1.128178826041903449e-01
5.128178826042244509e-01
8.528178826041994398e-01
7.828178826042062610e-01
-1.171821173957710016e-01
-1.507182117395814203e+00
-2.657182117395791465e+00
-2.617182117395771002e+00
-1.277182117395796013e+00
7.281788260422672465e-02
1.002817882604233546e+00
-5.167879432968902620e-02
3.183212056703155213e-01
8.283212056703064263e-01
1.168321205670281415e+00
1.158321205670290510e+00
3.083212056703246162e-01
-1.121678794329682205e+00
-2.201678794329666289e+00
-1.881678794329673110e+00
-6.216787943296822050e-01
7.283212056702836890e-01
1.728321205670283689e+00
8.138245287368590652e-01
1.353824528736879529e+00
1.783824528736886350e+00
2.253824528736856792e+00
2.393824528736843149e+00
1.543824528736877255e+00
-6.175471263134113542e-03
-1.226175471263161398e+00
-1.026175471263115924e+00
2.638245287368476966e-01
1.543824528736877255e+00
2.383824528736852244e+00
1.459327851802981968e+00
1.979327851802963778e+00
2.399327851802979694e+00
2.759327851802936493e+00
2.699327851802934219e+00
1.819327851802938767e+00
2.793278518029751467e-01
-1.170672148197070328e+00
-1.270672148197036222e+00
3.932785180296605176e-02
1.499327851802945588e+00
2.479327851802963778e+00
1.504831174869025290e+00
1.914831174869050301e+00
2.524831174869063943e+00
3.034831174869054848e+00
3.154831174869059396e+00
2.324831174869075312e+00
6.048311748690480272e-01
-6.151688251309224142e-01
-5.251688251309474254e-01
7.948311748690457534e-01
2.264831174869073038e+00
3.254831174869025290e+00
2.450334497935159561e+00
3.080334497935155014e+00
3.470334497935141371e+00
3.790334497935134550e+00
3.740334497935123181e+00
2.870334497935118634e+00
1.180334497935120908e+00
-3.896655020648722711e-01
-2.796655020648586287e-01
1.120334497935118634e+00
2.470334497935141371e+00
3.430334497935120908e+00
2.495837821001714474e+00
2.985837821001723569e+00
3.465837821001684915e+00
3.775837821001687189e+00
3.655837821001682642e+00
2.765837821001696284e+00
1.125837821001709926e+00
-1.341621789982809787e-01
